1024
0.7275636800328681 0.6832234717598454 0
0.9420735430282128 0.7077105889551186 0
0.9033722646721782 0.36878291341130565 0
0.6904257605024213 0.762090173108902 1
0.9193277828687169 0.43649097442328655 1
0.9306311813975403 0.7982866194453608 0
0.5943499108896841 0.20976756886633208 1
0.36516119796362423 0.15865456443171777 0
0.7512804067674601 0.5710403484148672 1
0.09066450227066791 0.7986169909152125 0
0.35791991947712865 0.8177969308356393 0
0.7695352729266239 0.08065442313859239 1
0.48057451655643435 0.2916564974118041 1
0.5958838436080788 0.18874635751015767 0
0.3691214939418974 0.3602548753661351 0
0.6487936445670887 0.6959691863162578 1
0.4690225206155686 0.8273224240149951 0
0.05257902791896807 0.7886145034478063 1
0.2805719916728102 0.195964207423156 0
0.9624868760360299 0.4813279880075254 1
0.4209717066310287 0.632869791353279 1
0.6310371207494804 0.07025117533833247 0
0.3710122896837609 0.8718145959648387 1
0.251695820930804 0.3839646484607362 0
0.6972487292697295 0.908614580207571 0
0.17091740383393794 0.2848067973246168 1
0.4633992710283451 0.30557915566744887 1
0.7960289662347885 0.6940557826497827 0
0.49732689247592055 0.027314166285965835 0
0.4686717016077616 0.45936420045872606 0
0.39576628017124216 0.940172465685381 0
0.8173707372878786 0.9775818999181036 1
0.8940427958184088 0.5988370371450177 1
0.6151516300005483 0.3603964712488755 0
0.2788223024987677 0.8992053297295577 0
0.9205154542820089 0.27748616534954706 1
0.3151474713673178 0.44273594208622036 0
0.39652166880895645 0.8859586592146714 1
0.8053907199213823 0.13978959528686086 0
0.29735703806623603 0.6605312011887833 0
0.2821982861306481 0.9674953220085111 1
0.8985690674773177 0.7296102049061033 0
0.8095941248100625 0.5214943036897558 1
0.5598563340822108 0.42451719475159144 1
0.5563822013190519 0.1157501237196259 1
0.07616428874645054 0.8886677716147179 1
0.38258099118168587 0.9036250947502426 1
0.14682935565998612 0.007594242129269513 1
0.3975361560156031 0.5735347186765608 0
0.9442972663305037 0.8913175710914056 0
0.6141067547923854 0.48819737445692535 0
0.20057805982204702 0.9959742703342659 1
0.33974710859425794 0.75802986463498 1
0.5087435023272369 0.8556303199441717 1
0.37608728793417545 0.8628241587977618 1
0.40202407777504257 0.011742961407614771 1
0.7254495536207421 0.794874724221567 1
0.6425673492295064 0.42350301124124523 1
0.12912668650457682 0.6140948241989225 1
0.14844258357154927 0.5976350834157468 1
0.5489937328293971 0.3285599644454902 1
0.9045449851124906 0.6295082273371013 0
0.10289836703446209 0.10385689724130098 0
0.45788042094757886 0.18513836590734745 1
0.8474594867482883 0.336510352176303 0
0.12800632495294129 0.15469583277247034 1
0.16616716052142333 0.4822317213379962 1
0.28126858945638333 0.5363258378381668 1
0.6763912298487055 0.8511105517513011 1
0.33999816015202156 0.6053218598587271 0
0.5053441079707084 0.28442275960610364 1
0.3301069821700926 0.6542062330623306 1
0.4346035045905807 0.5491691115143541 1
0.8231313784053401 0.26365799599966666 0
0.8180555270246112 0.8837630591185496 0
0.8080440408938012 0.5425703203691724 1
0.09685838606913522 0.9133144945237442 1
0.5436883656131415 0.6404696726957158 1
0.9996953460696848 0.5894745086569682 1
0.43295457240163493 0.6113688211845457 1
0.4957693996774556 0.175863201981718 0
0.6428518546979644 0.4650752343658531 1
0.35885662535669116 0.550875603692069 1
0.10711471029717579 0.2302815493496284 0
0.7125950672504738 0.5472075167262199 0
0.642220382972993 0.968368948116845 0
0.7975658660365816 0.7050040729435885 0
0.43229574917930125 0.45964472838965753 0
0.5166242130637467 0.5352792237599756 0
0.6346681588687721 0.32669221906618373 1
0.39316353033715945 0.45466718262259376 0
0.7601781261329514 0.37824299058928346 0
0.5887273230114028 0.16081777232382255 0
0.21728197502137125 0.4604748226347197 1
0.6323979807243695 0.3397728172797295 1
0.5431823851685361 0.49121215917923633 1
0.5085783849855245 0.9487981214932968 0
0.7403885818076308 0.4322776935207563 1
0.5898699061620923 0.7455289570035387 0
0.7240081831023942 0.26363474342831594 1
0.5373939277251666 0.06636740029578825 1
0.5770143967199923 0.016004783509163678 0
0.48054001240586497 0.3339565206430066 1
0.7318728385345729 0.9771629466154234 1
0.527263841932272 0.42204034179717453 1
0.30756860888393645 0.5550006900550454 1
0.8208885106200168 0.8754894014526169 0
0.18828062507118604 0.4546175512769036 1
0.600866554883861 0.9328751283275705 1
0.7278040889330866 0.5745163734658741 1
0.4298998398581121 0.05871560541486287 0
0.6543903063235617 0.11305840463148442 1
0.9162937751675898 0.20218249296904356 1
0.4525099182382366 0.2372449052375879 0
0.41688259090635793 0.5601439765052083 0
0.055565336508096586 0.6769952762183259 1
0.03370946135386954 0.17942644263327323 1
0.14686821015960172 0.24355647062041053 0
0.3188861415720873 0.6319893008139348 1
0.8169945333711879 0.3635298879825789 0
0.38461105379950045 0.8488935564489962 1
0.3815390886796556 0.18558263761623184 1
0.5499286531234229 0.012207078788490922 0
0.14849603377685894 0.6092345666112944 1
0.689649109462087 0.9201028440830354 0
0.1015136969559961 0.31191986699310315 1
0.14432493902837829 0.45335217210066325 0
0.37851927783568917 0.3790507952652109 1
0.03452107621001388 0.8795897940455562 1
0.31341841658048386 0.6835758391559136 1
0.4571300874903905 0.3093883986656346 0
0.19932408075153152 0.7306280651938357 1
0.6807378202162523 0.5725401375412691 1
0.937708313885591 0.47862627663395674 1
0.5192654911846664 0.6945599744261157 0
0.23034806850204037 0.8191387294146807 1
0.622544320874315 0.8788096664827789 1
0.7131250795256562 0.8002668341814786 0
0.3295530741893903 0.8462085360419409 1
0.40850763465119533 0.6491451745147541 0
0.7945596265739877 0.6493105187123214 0
0.46860891837427787 0.4685446677600954 1
0.6500668101267688 0.6724512567319131 1
0.48687173749553314 0.10862972956893113 0
0.6565124808212711 0.19686130088289333 0
0.14586635215960086 0.5286662793590818 1
0.20745782894193976 0.5625339573387319 0
0.8716834657726054 0.6685227275470969 1
0.4296410560398164 0.5648011661650246 0
0.3329509332053946 0.3276638397904075 1
0.39688198698027355 0.4771599375554869 1
0.29759032256933027 0.37729925413561216 1
0.40987121121459535 0.004496524367329502 0
0.19008277287320807 0.1262419884881434 1
0.14564939403082033 0.04102447110373153 1
0.4683132361781156 0.7184048477108882 1
0.7398927990458427 0.509987512730102 0
0.9637101387643129 0.09432929020780678 0
0.9826343569374401 0.8311333930485324 0
0.9515937356448283 0.5879874786599122 0
0.5679421718667782 0.5182172329394712 0
0.5093226099632927 0.8483566593148644 1
0.24187409125346193 0.6213511710359201 1
0.8804922244402187 0.1668503111213958 0
0.2658230788909982 0.5734770092968069 1
0.6092060656558852 0.22733589597528137 1
0.8228060856299889 0.9132391862789185 1
0.5859745902573453 0.14451892232077568 0
0.01093489625584243 0.6649215166757789 1
0.375255166303227 0.9657986242756822 1
0.8565394149351031 0.3909564419400765 0
0.2668530189863251 0.46128219552207606 0
0.5734270800458785 0.31942456463145175 1
0.6818240852562324 0.1375869139226632 0
0.7618362942935621 0.7972833482072762 0
0.43179785128870884 0.08808981939053107 0
0.18478953614642224 0.31494820107368093 0
0.6577219832648831 0.43899453770371544 0
0.4936362278178581 0.28029174071568863 1
0.7541925069566888 0.0019635367494055256 0
0.3210711750435782 0.9713985218571215 1
0.573790686618609 0.4170995124908371 1
0.7216524774332927 0.22555139749882214 0
0.43457156704506383 0.33942895041744114 1
0.6134693220012867 0.47918015445216566 1
0.552608804814166 0.884188584152723 1
0.36059407578798663 0.5148834062231381 0
0.3283956961395348 0.14133968906520067 0
0.7303545003612768 0.19600191785152432 0
0.9749451214659641 0.8874579570616756 1
0.3938351824714422 0.6655231877925436 0
0.270733786990221 0.3239207197785806 1
0.3651115017857507 0.5387186886615621 0
0.10445339686565214 0.51081778148948 0
0.5789020371129077 0.357239736902605 0
0.9064250162187653 0.7230966616582566 1
0.6488446372281008 0.23103047374183738 1
0.6542072122067155 0.3993853135307093 0
0.13914323605587287 0.9817006954307884 1
0.2474908317142137 0.728011859904188 0
0.6994841174460614 0.6547420655094701 1
0.8980873693119634 0.5345085546777588 1
0.37767879793415327 0.40852796705687444 0
0.3525892738017671 0.1265418104220064 0
0.26074830713716024 0.7601753590295445 0
0.6244500468477495 0.4059254045742341 0
0.6966023404081342 0.5945280461672624 1
0.3204123484800637 0.07760646488830425 1
0.6954852907428858 0.9915135987905805 1
0.14224297555921772 0.17656486903937696 1
0.3689772836559303 0.7331128927835405 1
0.9650018172436771 0.36492146475814047 0
0.02599161715646736 0.49975558649019525 1
0.5997435507396858 0.7037966044560273 0
0.6490873803847489 0.6946712983987674 1
0.4915090410479074 0.30278614042080765 1
0.38496048144608486 0.2771058184625662 1
0.7479384520000514 0.748513624991582 0
0.17646102656963913 0.7184631292185863 0
0.5020824041267734 0.4005477841146343 0
0.6088492750640411 0.9326909165837742 1
0.6744425101284617 0.3907995154376339 0
0.8433048356466775 0.9334649865577205 0
0.16008935310486516 0.4580754212991315 0
0.8029027624492274 0.5242589341171685 0
0.9155885526983499 0.48921837219750874 0
0.2681906343940763 0.8885954279623034 0
0.1441530527904632 0.485115232507774 1
0.394175269237666 9.031668202973409E-4 1
0.20535112255073285 0.021731110359678008 1
0.11930813022388731 0.019121333714564814 1
0.5895111591883899 0.30360519584376255 1
0.4041394121768713 0.43789347558303937 1
0.1871696832787857 0.7722674017043483 1
0.8296104642843452 0.8511411489221945 0
0.8916230561027734 0.010344115791219077 0
0.6824522748824042 0.8495602240269479 1
0.9612033886289236 0.16107794080222837 1
0.7681559612546558 0.8133370675262103 0
0.5250157616428593 0.519909731431349 0
0.4928979157574864 0.14614821614278373 1
0.8934015469176472 0.03278821638323737 1
0.9044272466186145 0.17628316072690664 0
0.7889539351425728 0.06209740263573049 1
0.8042908988758299 0.9050536206178964 1
0.717956665352918 0.027831213665641896 1
0.10604927538922504 0.8442221419460387 0
0.15115083923147166 0.9277258382589562 1
0.6641834384365319 0.40841656504965906 1
0.43079058710520735 0.27553477433178053 0
0.8289237785980338 0.2802255720962452 1
0.03254032483818914 0.6103741188038352 1
0.20067394274033024 0.6633271107643222 0
0.6239035039038766 0.7060876462952607 1
0.42926018155338275 0.6290131566875504 0
0.011860003915563744 0.2140450837116139 0
0.7646881962238921 0.3767056583420816 1
0.8395127199360781 0.3200404423425516 1
0.18935244093197356 0.316522698589109 0
0.4708380301151479 0.03809075186154687 1
0.9771548191881401 0.5661501197884359 0
0.8353647488012405 0.4546689517646505 0
0.39639167915595386 0.8338241273827682 1
0.2321364359883762 0.3268034164505238 0
0.5459932392899262 0.31574431752739196 0
0.7204961878614636 0.013823444201469193 1
0.1424049879132162 0.665507723807706 0
0.2365158740515848 0.5133200335632905 0
0.5583833258454741 0.25015695541725846 1
0.13173464552618797 0.9898147076321727 0
0.5729841878714015 0.0877252283437403 0
0.37720897898883665 0.892974916902768 0
0.004111496273080162 0.42261740932531244 1
0.6286978552515254 0.5010782995917645 1
0.9553563898820997 0.8552256512149733 0
0.26310330011052285 0.5426636731369036 1
0.8437466071820195 0.26694853419480546 1
0.45790653980526064 0.23707224802895954 1
0.46821146227685395 0.21473061756461265 0
0.563548566326899 0.7384692089358494 0
0.37696012504370846 0.028305730988871014 1
0.7094489766507978 0.27198094442312715 0
0.045332376405750385 0.6466889896937116 1
0.23255100361483894 0.9076943913618316 1
0.6955759679676929 0.09228031063821895 1
0.6126153852056555 0.9518285292466387 1
0.8943847704881239 0.7498139615642945 0
0.9955540207668827 0.8431152716360887 0
0.905139651734699 0.011362156140020563 0
0.505879878101917 0.13668146223689037 1
0.6262513973539188 0.5719391563171791 0
0.0753170042417417 0.08190949560601257 1
0.6782857836041024 0.8683371618610843 1
0.6029915708661632 0.7924986297569047 1
0.8872107320623375 0.8638607514290298 0
0.9425958673859597 0.8501466838777778 1
0.7514358629067812 0.2080564055687576 0
0.5578149843979535 0.4682527795560203 0
0.30734383518054975 0.42530996576780655 1
0.5010360827819212 0.15239656282438374 0
0.7099734070911867 0.8553213435328741 0
0.5186277499255487 0.896206353922442 1
0.7382253789492977 0.23750436793593133 1
0.29316778078135997 0.5669865506128836 1
0.9207499721229507 0.9636721431238364 0
0.6361632106359204 0.04030986193191377 1
0.6287526918818849 0.0764541618167337 1
0.17552589999588475 0.2284194896630567 1
0.687424153015008 0.007057287708351234 1
0.1427186266875239 0.7538621985848797 0
0.9105524995985361 0.9950829408989573 0
0.22621480202022004 0.7427628892035776 1
0.624701230107829 0.7362417943212959 1
0.21171078573974034 0.5477084349191708 1
0.5675711449370957 0.4981079292215529 0
0.0788279907750099 0.30839100111836215 1
0.2011287797404454 0.43004318925107143 1
0.9133413033424672 0.20986462058902366 0
0.7351121439753477 0.5374923176632267 0
0.22427866915644767 0.7878683781618258 0
0.2939358093137808 0.8368562316895661 1
0.04335721794391323 0.44267830863891044 1
0.5017744356332736 0.08223222585359724 0
0.2791777177971343 0.5972053538436237 0
0.16883517847969198 0.7363556942208986 0
0.27470176372620836 0.721220814722559 1
0.8166306570446755 0.996499903115384 0
0.6189200798124629 0.012010837654148454 0
0.35621401041464495 0.969787685011627 0
0.5882172034343477 0.04394115984903735 1
0.9798551347250568 0.15508374384095147 0
0.8392421936016152 0.31766320203906073 1
0.5843202584097049 0.45804085871990874 0
0.9161804433623346 0.601703313935307 1
0.01728077865886568 0.07312334306661938 1
0.10594876829912336 0.3995838727729988 1
0.9696376647380328 0.22101589999217497 0
0.28464444203465855 0.982808162985235 1
0.9105716263570426 0.09493283674741015 0
0.8336604497989205 0.14272778867507563 0
0.6024816199768233 0.75410087701525 1
0.886268196330856 0.8487292679995855 0
0.7305067251412954 0.2189665473660939 1
0.19631180378072444 0.9148197237877307 0
0.12791834581814732 0.535349491755939 0
0.6391162467025102 0.9379481481904007 0
0.46007249280503015 0.6055594067893888 1
0.5008657916784399 0.4896099581558816 1
0.8625131730823982 0.6109131051766692 0
0.08899153219333755 0.3039695277274951 1
0.908565705867003 0.4719451171506025 1
0.3780617187344788 0.8340695754491133 0
0.9383758173935365 0.5201854278792615 1
0.4590502037369135 0.279462312837119 0
0.022759616399658844 0.5043217388163562 0
0.37736540191333445 0.062187259696601216 0
0.28784253524547676 0.6128935597190934 1
0.22218369905592772 0.33326473397787293 1
0.9645440566060444 0.7666221684001294 0
0.8556455162371054 0.6386886811994184 0
0.41339607736940875 0.6180514771148214 0
0.5160074481098853 0.6930968191594805 0
0.11760569480812755 0.8455077750596489 0
0.8690972954177115 0.20501966836609198 1
0.5946722526976612 0.14244474729162748 0
0.799966046768234 0.9272464525406731 0
0.23308240486194198 0.2044144572972636 1
0.10482660339403083 0.5693873102419631 0
0.8123659653438675 0.3004280228913849 1
0.39736966449217426 0.08686971043431702 0
0.9532423060623266 0.3178420202861899 0
0.10218063236353658 0.8402331896954423 0
0.39038107333826744 0.5567033430889189 1
0.5160623705574809 0.12113095121941497 1
0.14377125770267063 0.5902179098044855 0
0.13487157430021646 0.04154067111157722 1
0.4236420092843389 0.9519471332776143 0
0.30945972262181065 0.09508420184462207 0
0.7029872200901957 0.629435298367092 1
0.06432005194758539 0.9977994216024002 1
0.048705232431151435 0.48333026494261777 0
0.8500757772409764 0.9104743003625566 1
0.6371545550232023 0.519540676441102 0
0.2842042776227923 0.7508340931547086 1
0.6848989747654547 0.5369183206005594 1
0.13120877155559163 0.28864567055107915 1
0.23508023621211438 0.024129022892168228 1
0.9983206289097983 0.22024785373339584 0
0.5105342266544409 0.8785622839391479 1
0.4956165651208416 0.39924721679807706 1
0.6355057744302594 0.43402098638548825 1
0.591549976364122 0.45975259057607587 0
0.7052434397317007 0.9692319994043119 1
0.08485535302405867 0.7757947465039713 1
0.1537493501110394 0.1600993042371226 0
0.740614878956677 0.4246048470090388 1
0.7773190912838853 0.8979702920912443 1
0.8971765520227165 0.7574088775903164 1
0.5690170069378595 0.3532459604169338 0
0.281662327675254 0.14780650733909062 0
0.5737661025509039 0.34204329072475836 0
0.9887950817137129 0.23381431268795527 1
0.5233298534882533 0.3247503600193369 1
0.21039875117736007 0.13736129896646976 0
0.1385058301610138 0.9438470227447033 0
0.9219034721478871 0.6872285243865529 1
0.052769010737567346 0.43707677079240015 0
0.6830469433658659 0.43201797537659525 1
0.3167463022010315 0.8152402406203615 0
0.1875818602623076 0.5499637819923114 0
0.5705108314931444 0.3593410569398169 1
0.5489188511860645 0.3825290544518729 0
0.10507011369228647 0.47287211339526714 1
0.4629368076347794 0.5009248478700421 0
0.8108257638616616 0.1352244522757794 0
0.9546647696899128 0.9190756980210629 1
0.9995107790796339 0.006552272879386534 1
0.9152149540913104 0.1688391018905535 0
0.9888852996759742 0.7224521551379754 1
0.48364858080938344 0.8983533616661161 1
0.6081439959272217 0.2736804715566491 1
0.5727244551279164 0.5967629792598623 1
0.8510242008809857 0.4396100023577053 1
0.33941948791315224 0.4366983039155392 0
0.2589880298981536 0.1862560645652368 0
0.04022847465265278 0.9435520542351888 0
0.20533145172110934 0.8333157560452243 0
0.34853580300939946 0.7850069631510271 0
0.2648889874990894 0.9561852898181444 0
0.5577468336431636 0.08656903122132897 1
0.7075065030060194 0.6700809681297056 1
0.28430306679327055 0.9091292784240775 1
0.4992883842189175 0.43578765931350305 1
0.864733248716982 0.7695682511793663 1
0.10935388683044811 0.20419316735926218 1
0.8292004600040236 0.14359921520363184 0
0.41318427913094913 0.33298427131091324 1
0.330333593166916 0.5746930008110921 1
0.2877682021653071 0.2953464841619411 0
0.6703941633555563 0.9903195677464529 1
0.08517946471310145 0.1971713829465166 0
0.904443152780394 0.5427381403994085 0
0.29436620501705724 0.8954006739004701 1
0.9209053808657596 0.7560910517289061 1
0.1723624225709317 0.21790394455335726 0
0.20876545053640816 0.6167707734459684 0
0.48697267809282596 0.5185309582652922 0
0.5804742410468122 0.4482363820798978 0
0.12711520002397192 0.31302734337252114 1
0.36285168614365926 0.02700064961414439 1
0.8139963787551981 0.5072474017779021 1
0.787319398411802 0.3762146927695018 1
0.9991398009153014 0.9177135889632674 1
0.28361145464281357 0.19620618615043117 1
0.26450873565963107 0.7405364592423002 0
0.497846397224193 0.704869898969636 1
0.8665161541761485 0.736021024968346 1
0.33010643135633033 0.04243470266924798 0
0.8168496716701398 0.26006291817714 0
0.18953651445968422 0.7532551180347443 0
0.07605207771918698 0.35026676746927443 1
0.42626013707590005 0.6471150526381896 0
0.31624447186176075 0.5544424816244986 1
0.5770128888558846 0.8788920708397863 0
0.24128759322058135 0.5719703094741401 1
0.5857624592791236 0.9907789225147381 1
0.18976360549599613 0.7066570874936156 1
0.91751083011798 0.09355733430153568 1
0.39411972111154014 0.2858051431556119 1
0.004860464105139406 0.8245423826361072 0
0.8206578760491359 0.6204607413802286 0
0.6551865191668292 0.1515548083931475 1
0.9391009332636693 0.012426321490141667 1
0.26447862164133884 0.1232349515943777 1
0.5124425640268869 0.27096778782207476 1
0.2000117754145786 0.27888205968681967 0
0.5721326899918032 0.6778858447090876 0
0.3933966571753047 0.9760851556297612 1
0.987999856038869 0.6235020234594434 1
0.9831828393010831 0.2812974159323285 1
0.12975319953476316 0.010396431185169752 0
0.5548528429407329 0.12431586155659391 1
0.20546043459706653 0.112316956254358 1
0.39439997600302246 0.8062399303847982 1
0.2918569062269333 0.42636987238454715 1
0.4113781676581699 0.7036231632832415 1
0.2988735491830492 0.5242011564656938 1
0.24505874624233892 0.6286661897553384 1
0.1079586187572561 0.2569790745895787 0
0.04397616632189438 0.5356954542821881 1
0.7389710400687751 0.7766091713071528 1
0.363968648756119 0.09059194331849962 0
0.7216299332223782 0.19713606455557042 1
0.9146349255445124 0.6196803751205592 1
0.3820890498028161 0.4792847826988377 1
0.3079350330430678 0.1205315284359656 1
0.2742146190605752 0.1270319500435505 1
0.2939174742458466 0.2754603916785703 0
0.1610685736265437 0.7139709521045288 1
0.8382917476912656 0.4798122667280217 1
0.4502266252979954 0.11166152925805206 0
0.8719644971756546 0.8000099027219388 0
0.4513798310289635 0.128456377323926 1
0.29675943686716244 0.18122132353614429 0
0.23392446714866644 0.7785962769003004 1
0.7412338189094991 0.020861828763866552 1
0.0025906260250561086 0.016743156676865767 0
0.7209642827693925 0.07056664914073718 1
0.25854004146526866 0.21433573680861406 0
0.4078868566809778 0.9123159552086842 1
0.09654373111515346 0.4225112662831647 1
0.02333774124102761 0.7880715510386942 0
0.3037475511927705 0.5136516942626478 1
0.04673444423292328 0.5166091858613884 0
0.8192591159592986 0.6624030276873565 1
0.7593167770175255 0.18426783452892082 1
0.5185370519524443 0.6263524583490568 1
0.46851937583910064 0.9605965358919245 0
0.006797635230476828 0.8011842982203764 1
0.5147808092224411 0.470028192115465 1
0.37918708223299125 0.8368776624536167 1
0.5901086538111918 0.9459430500249922 1
0.2424052967931548 0.1329061011235877 1
0.22212966065001882 0.16402750036821745 1
0.12711156774077104 0.20225009482890766 1
0.9755928246851354 0.9254105647073799 0
0.8926119119713866 0.3192709734685426 0
0.3835853072549428 0.2603173419384186 0
0.9387143178996517 0.38444936840109456 1
0.9026613150312336 0.35817057900212357 1
0.426126416082789 0.5251028521109141 0
0.24407038056189234 0.9865312326848414 1
0.6568729954984174 0.3186475059556044 1
0.5728870559203615 0.20244380064206935 1
0.46701681394630246 0.2658525609209176 0
0.059886517370879355 0.33783324294831785 0
0.9372677139552611 0.03649662475798454 1
0.4612821275598523 0.7840412294049564 0
0.20157395049545246 0.1662983817434075 1
0.2895196477342762 0.04702176924099832 1
0.8365713360709144 0.14444884648693634 0
0.3398727094507703 0.6450683695006411 0
0.84835007780834 0.9239947614872 0
0.4659920148596012 0.3467764976779685 0
0.47575383214489964 0.0747072190044199 1
0.42790740413983774 0.08928655666692487 1
0.07817430327159647 0.3046879742682438 1
0.7636501549411532 0.3710829303036147 0
0.5607741683754942 0.36776792277341663 0
0.14910301721044272 0.20116042802392786 1
0.15364104310099136 0.37707790913645034 1
0.5541250052205203 0.170207978570315 0
0.42321656759765525 0.200656308174055 0
0.6111167283426931 0.8168426301088789 0
0.4669343118547008 0.6563152316646185 0
0.15506495458602865 0.4336746256510411 0
0.37157539681415586 0.8870488098713157 0
0.6769079704425081 0.6002613931066995 1
0.36530365858680347 0.6829568320266954 0
0.2503766920458148 0.250566438317685 0
0.6146297723470158 0.5907961912348977 1
0.1501386214971261 0.24971941779330353 1
0.14258613793991892 0.4583635272913643 1
0.23199904965999452 0.7238774805494961 1
0.754529092411106 0.4123358427121103 0
0.441200196994881 0.2942382528109828 0
0.7735367774957302 0.30843627380158833 0
0.7511872178490034 0.3988305920595382 1
0.8498078339045342 0.9306416988917232 1
0.1764231139416882 0.6891764303590424 1
0.009176701882557703 0.20300571183837968 0
0.7330326559899907 0.18306268087579392 1
0.6466662460673966 0.2673732842833747 0
0.6357109098758198 0.8829186332042461 0
0.4228072455204397 0.44408801187219704 1
0.8032450192152403 0.4138896562250046 1
0.677717669507864 0.5435379634522436 0
0.9940711338463459 0.48680926710378947 0
0.6878096673636162 0.40670084666628736 0
0.6934596802656506 0.6647114146948089 0
0.2663660927779068 0.934190982794041 0
0.9567304172305124 0.5657469986053656 0
0.023017356336717976 0.7032242436648408 0
0.5635148957992933 0.7448187212945592 0
0.8655143945085852 0.3084994247094184 1
0.13779420816910304 0.6943474216126072 1
0.3055979991361374 0.6067411556284182 1
0.02990097085299981 0.6158652528439681 0
0.7430177524429614 0.039058961404005554 1
0.07643741004951432 0.7513282416887658 0
0.7244353900019374 0.7488809318978249 1
0.883175247701797 0.8711382334857547 1
0.5229125859425647 0.04695996731101204 1
0.015709926011573838 0.30140839240991313 1
0.13148814782817664 0.2700160504359136 1
0.2684463039260546 0.26319709367668387 0
0.04882234053465806 0.5421708253698543 1
0.9061573849432158 0.828795374787619 0
1.936563882911635E-4 0.5889537863870627 1
0.3875653836599372 0.049769980218930865 1
0.08004354817685344 0.44987590365755437 0
0.7241623868798789 0.9191488478988237 0
0.377467552034228 0.44837436745728665 1
0.34555509952502617 0.7009499301187674 0
0.4157488657244405 0.8631419601044701 0
0.31339935880017655 0.25825887093539635 0
0.6311359723920974 0.6321691875333069 0
0.5338138727429945 0.5822841538996832 0
0.7007383083090644 0.41447486229370645 0
0.03288870495291385 0.4366991370537263 0
0.5627688612575543 0.8206301402824484 0
0.23614089817799533 0.42349873857893405 0
0.7575726087130381 0.5503853240926954 1
0.5082776455915063 0.5721642918253338 0
0.445022514869332 0.10636067345991596 1
0.9186396479274197 0.7921659455711288 1
0.2532151518242025 0.864045722029732 0
0.4812362012922905 0.6274617301646995 0
0.32403626900832316 0.2231708157884943 0
0.7697098905968139 0.022048181044095005 1
0.6100874538514928 0.8846541399644664 0
0.8979329956744607 0.5952066055943954 0
0.025576492935097672 0.10556092842975784 0
0.4808873617149325 0.4692113581027457 1
0.6564395625062794 0.7345154157832644 0
0.9997673577764095 0.9138011960059522 1
0.4460203220168901 0.8892915899598224 1
0.3831191912706273 0.9729870141960056 0
0.7519985165684118 0.4955174470392185 0
0.8218255301394403 0.18751885454797002 1
0.07658413303561618 0.35370873491143207 1
0.8966793535072815 0.6367965031594263 0
0.272963216339174 0.8281610532269689 0
0.47647252382947014 0.5113467103189836 1
0.18521975936102975 0.39179291543751393 0
0.7274659176190473 0.6846777864046786 1
0.9746654097927338 0.6642607330767626 1
0.22627957905321117 0.09417348573808015 1
0.5022353395208483 0.7503086102735448 1
0.3996362954897701 0.12764604542692848 0
0.027838359403652868 0.6576563246491554 1
0.22294308919248462 0.9680748341092663 0
0.6629895478132288 0.7140427787020803 1
0.9968132562141931 0.23996817103220658 0
0.4307798748029096 0.48768094859663735 1
0.013418363824995838 0.04360520067401463 0
0.5471197645230192 0.8971705684737746 1
0.47443956719170244 0.6148601203819735 0
0.09824219470759632 0.2327535881966133 1
0.363240795181218 0.6885350792383886 0
0.2149873402028638 0.9616190492729156 0
0.5779052071865137 0.5734680134089901 0
0.6102265908236425 0.4844710377975696 0
0.5076343162506775 0.07838407793822544 0
0.5277687347349708 0.09539615368417032 0
0.36907807588349417 0.4373413871069688 0
0.3397356585960569 0.977253996505978 1
0.7668316358629181 0.3900259177328973 1
0.10043032530879481 0.969811616057834 0
0.1327168075319486 0.15564430615766667 0
0.26578921185265514 0.539366541942926 0
0.22199844675396851 0.22383838971236925 1
0.782360862141337 0.7480661660786175 0
0.14944309393241195 0.7823969714233068 1
0.09261947186548891 0.6055200347403774 1
0.27683530995275385 0.5752247030509514 1
0.8974876407789679 0.46167792511172734 0
0.5196324761258372 0.6200437803546781 1
0.5420282325797137 0.29995275953654277 0
0.8775203070000842 0.003346450270074075 1
0.46618490282725333 0.7066243863283703 1
0.07950456450336152 0.5431727744651419 1
0.6456398540276508 0.8356357893658913 1
0.6459747501853894 0.02471957870201469 1
0.24023404553661343 0.4670093506982935 0
0.03423929873508724 0.16546069612016912 0
0.1475708332771698 0.26700754336444377 0
0.42992766452361486 0.9936877597014079 0
0.7276809797430559 0.8577407454569103 1
0.45112293229023415 0.45471047437697754 0
0.42433506279861655 0.2704227831330176 0
0.7849918992248669 0.013087623719159058 1
0.28794235878643937 0.424480372355692 1
0.3071688121342526 0.9916253630847409 0
0.6542177803813974 0.8514819136089367 1
0.6916430027645667 0.5796633000167881 0
0.6133565837222086 0.1624765123752573 0
0.6096207687099423 0.9298000721572784 0
0.9176030675129526 0.6378696607885418 1
0.6519301646910872 0.43360811119544884 0
0.45909422599755756 0.7574162151227768 0
0.8341152351901386 0.484996665476758 1
0.9056854719910503 0.6096965253165464 1
8.913507647891894E-4 0.31426575574192295 1
0.7696017593190243 0.4308629889381268 1
0.8245587580225863 0.3644342337807518 0
0.4586098122533998 0.8491365494569381 1
0.36556528266824184 0.2793951599964498 0
0.5103393097757357 0.7380289283033604 0
0.5321032756283822 0.3604994977133864 0
0.07446599626789219 0.7130590913106424 1
0.2853824165724719 0.8190001786663611 0
0.6354031590311036 0.3425444332706413 1
0.8397308878490771 0.562552947957118 0
0.23494653793189502 0.005145762502723805 0
0.9124004009677724 0.972679942826953 1
0.9947358996478333 0.13563562313772992 1
0.916275031366634 0.4855561453099385 1
0.11720208254162645 0.4595841463290029 0
0.7947673417631961 0.9685267297437855 0
0.3521840987796834 0.6079248803682205 0
0.4022141233559151 0.3408999701658114 1
0.3179834378526639 0.5618725568413409 0
0.13402329207422836 0.8591669793059142 0
0.4939560783676876 0.48128713242017485 0
0.4729092900952585 0.6645183487734194 1
0.24713747212304615 0.2917234007416025 1
0.7340782356387473 0.19461639161146826 1
0.055473748157088165 0.7042975074931669 0
0.8173780515355096 0.31719563740345535 1
0.07265662111834781 0.34980098375749935 1
0.5302564927227551 0.7908353923622596 1
0.7857413378332734 0.7743987582976726 1
0.5670834024514207 0.24461418412669744 0
0.5666177403151447 0.3484911209670729 0
0.019616703487471354 0.11648184200240808 0
0.5578357635185814 0.3177245732093803 0
0.6050802734538067 0.35846300542331566 0
0.036463598222225 0.03461137148500282 0
0.7934143209012191 0.10825036149557354 1
0.28074544963248826 0.10638955650431692 0
0.7673317829922961 0.018782681551842373 1
0.18328029394952505 0.049595665849294424 0
0.39926509382316044 0.3578654053855639 1
0.6834622786824696 0.47397468502910767 1
0.64184383217551 0.17122732654589223 0
0.2402322784369434 0.9040178974206285 1
0.9001130986568852 0.5023959882319174 1
0.642003026609131 0.9820002478323603 0
0.7948517310761273 0.5462756474615482 1
0.9704869828083487 0.58526516105174 0
0.2309522872515506 0.34583631815567695 0
0.6720669469987652 0.3506132944762962 0
0.7646329472527901 0.051441682801876 0
0.9832672012619225 0.5697757375844676 1
0.029464045236708203 0.18623593875454836 0
0.4856139517139312 0.08087369181835147 0
0.41125131118910363 0.6886652085766101 1
0.6257155480902468 0.46768151721494444 0
0.2960134765620356 0.10207051120905719 1
0.13318609029543516 0.9273815818767148 0
0.6839139603678001 0.8793744291572645 1
0.27176551691362316 0.28422929834654986 1
0.5501110077087921 0.5376531571497091 1
0.4528354156558063 0.8201467080945124 1
0.44653058540867496 0.8669024058347314 1
0.830042023234581 0.48841347137034385 1
0.13844128886523432 0.5344552293903443 1
0.0017246038745173387 0.9532877101214473 1
0.20700847395850253 0.04332661233646984 1
0.48193527572813055 0.0873745503984733 0
0.8234578378294225 0.888116020885786 1
0.7416246060888787 0.3532151011040493 0
0.8379316023844177 0.28433062038457724 1
0.11750830269452983 0.5209663678360964 1
0.5665331353446398 0.5151824212166832 0
0.82155903919237 0.1863735122733471 0
0.2073162434137067 0.10593102360494455 1
0.3180360239931931 0.9232594527556375 0
0.6065635197910553 0.425362736621669 1
0.3897767690111321 0.5704988038983347 0
4.88792102437352E-4 0.13106518033154735 0
0.5250848234239864 0.6085425640258804 0
0.1301982580730522 0.09106426551538471 0
0.4662372173512229 0.49590900239328195 0
0.4908052567027551 0.6879163216880209 1
0.8006027032177437 0.19364925941633893 0
0.4055651366584352 0.25359188707720537 0
0.21215540280974932 0.2549470832102906 1
0.08155647081956685 0.5869083524899671 0
0.2121011948122139 0.6843328701752931 1
0.5951945961296166 0.5126247324044163 1
0.09429058025668291 0.20680575338363671 1
0.7082373167415313 0.23660370339734915 0
0.8414011394143377 0.9522334493126487 0
0.22912278653392337 0.5110916347455632 0
0.31111188432100945 0.7881887940476991 0
0.6642849199789744 0.27297650191614686 0
0.012432389231717633 0.08513641424047058 0
0.6748245617719815 0.3905916166172434 1
0.7314010105603529 0.012329719701352881 0
0.7399171856221641 0.07003530005172143 1
0.9392038133457022 0.08425407182913092 1
0.8212618544175255 0.08293622042215443 0
0.5020444853612951 0.7026460272834357 1
0.2789627845909075 0.6664746210351404 0
0.3133917870266195 0.7388324528477224 1
0.5501257207289828 0.1917335993909134 1
0.3726419504124796 0.883732499726173 1
0.5393241167173539 0.34251700974030097 1
0.6642626233422186 0.36428594200944375 0
0.614122468498397 0.865322666402756 1
0.8251475537214046 0.9305940191596952 1
0.6563379877198775 0.888560558864984 1
0.7421965659863677 0.5322042672758481 0
0.011350799962186575 0.470557082737191 1
0.9052387644634453 0.6642099847884032 1
0.2628047514839231 0.3634909778604203 0
0.8893954595810197 0.23900092789636562 0
0.3335072915473728 0.7383170588804588 0
0.5497534209184273 0.8130637415029648 0
0.013475226815802488 0.20199950337151285 0
0.8840350698787661 0.8978422112204218 1
0.3865390024126354 0.6991981098253814 1
0.46577068458484017 0.4496354169985084 0
0.6345764438769366 0.019035841680607124 0
0.1718912216880769 0.5421003700660852 1
0.41375286042951787 0.38522406060568093 0
0.7192715107017553 0.7996483562364802 1
0.800403139684943 0.5133168876221564 1
0.6551795854338188 0.09732914163810935 1
0.7872382151742369 0.30491493706764516 0
0.06546301947187327 0.429803875874309 0
0.8996107522966668 0.8939255777870863 0
0.2929784518735076 0.11520078977042325 0
0.13333157213862 0.8594893569745685 0
0.3325797865055212 0.2946880152681616 0
0.2547495652074868 0.16341591642736342 0
0.010252355950102765 0.022638116996543278 1
0.5969461747812745 0.552907055336344 0
0.4431948484353565 0.5914633792378403 0
0.4015370191410085 0.07206088551163459 0
0.7203903312937725 0.4813100418129488 1
0.6687247888576139 0.3439896606522582 1
0.7118264454901552 0.28597222275101275 0
0.8117588423618898 0.31113348029616184 1
0.37466650014770153 0.5886488672207993 1
0.5545954825682613 0.22175660995361135 0
0.13807404098531895 0.5681977081329025 0
0.7885261181628428 0.5042192829151255 0
0.6745989262832565 0.2966323420312994 0
0.08149007278897824 0.8727603903510519 0
0.46695030528292714 0.22901261786225635 1
0.8985302393686181 0.26596618715399767 1
0.5614276363823639 0.9469161861357183 0
0.24341623984378336 0.6096090463386163 1
0.7119079734355295 0.9622644107358814 0
0.09718502206898583 0.27445363038159687 1
0.5505802650995787 0.29179226462549923 0
0.6020785751793754 0.8916562596964119 1
0.7338302132899737 0.15310295353391923 1
0.9040117255444481 0.20920597352765313 1
0.9558959729284927 0.814299951044934 0
0.2847670183060461 0.2812794286234581 0
0.8966247209165141 0.6597810376171633 1
0.4928127989646087 0.07010097795552661 0
0.6745106544049384 0.8051693996247097 1
0.4538410201995996 0.42213553708619744 1
0.035825905022147886 0.10479808935734947 1
0.16022909211756287 0.8569827624332025 0
0.432772951175611 0.17979245842531844 0
0.05703318887316522 0.11979161143890171 1
0.19267644352513036 0.013191215479595675 0
0.2539395658674717 0.6652468255148172 1
0.7585840697958776 0.8088867961156537 1
0.8717942567678022 0.2613041306389342 1
0.19757328891705928 0.8501062151834663 0
0.5954253599737142 0.7642190209389418 0
0.806490355996768 0.5288565935377748 0
0.31144926044675747 0.6804278003101456 1
0.10168292206503615 0.27373191382812767 0
0.6798893667995369 0.26362261449884083 1
0.9571796120286694 0.5320981587090773 0
0.9131023029107936 0.10155030278752442 0
0.22524967222509162 0.21860442992898532 0
0.32623077848573623 0.14525940093796808 1
0.6093437620866855 0.5068133758995881 0
0.6397097529450779 0.5611858944811902 1
0.7400498644327095 0.3216614123938605 1
0.9721792546707841 0.11429693853610368 1
0.12389622471372164 0.39656985080545337 0
0.12985929218767278 0.6845472898053955 1
0.9591252254665331 0.5908502887364692 1
0.8436791923971475 0.2949461339152224 1
0.6411267137671527 0.6312952895699846 0
0.3624908737027802 0.5006129768295742 1
0.050023042526948336 0.5632975383191264 1
0.7938861212959548 0.9121538510617427 0
0.7215122643149139 0.996155831973577 0
0.17964415725005678 0.11709511591938138 1
0.6020692602133744 0.8048770805965981 1
0.6168317159529475 0.9331686865242583 0
0.039685633599974346 0.2585075698836342 0
0.053513210863907035 0.19230305935895042 0
0.20061636607103306 0.8414538964106362 0
0.1456841809523074 0.1250347757823057 0
0.8457154650275496 0.27461497473986374 1
0.985450039923121 0.2702193521496724 1
0.9317807905787111 0.18822408648778333 0
0.8879639372306835 0.06642418978581688 0
0.583729597348617 0.509016539980858 0
0.5905333248557767 0.3649177212219472 1
0.053077701883846085 0.33965159476038376 0
0.4130754167794274 0.5505526538377297 1
0.9884883877362683 0.8853215431624472 0
0.12397360152913339 0.758139006273594 1
0.11486482150062693 0.5088672792069598 1
0.1647185193410038 0.2616826005265749 0
0.5573936205746446 0.26601047249589804 1
0.33265988195305907 0.5174087399638143 1
0.7540337043607578 0.7505224510912832 1
0.936406322319402 0.09797045901273571 1
0.4883232889930199 0.9517718956045597 0
0.7198833037491985 0.350161569603857 1
0.5574774261744518 0.3815802196061502 1
0.4273196383277593 0.5608589741117956 1
0.7804672469094023 0.6724551732442806 1
0.7626481452479035 0.8211919325664293 1
0.6141809463784851 0.42510940040500556 0
0.23358394726614518 0.01416866537389705 1
0.09198007232812211 0.08939095531251506 1
0.25356704759508153 0.8062584769465043 1
0.15011368749765674 0.06566831133672113 0
0.3628922102378167 0.628452104293808 0
0.33886548177573583 0.7732929039471246 1
0.7033340408417753 0.10434162304600247 0
0.4313673454853234 0.8223078763644139 0
0.0649751500360829 0.5276090609635596 0
0.6862887142904168 0.5969947725642206 0
0.35099410749413884 0.0460191561822787 1
0.5932150852090792 0.6456845859310719 1
0.014122618084339011 0.12041785929072701 1
0.1368320524039639 0.07481003559530819 0
0.01912691736635752 0.517445884851118 0
0.32413432930597297 0.3364823604482262 1
0.8707929243215634 0.17033522824902503 1
0.048538059777159304 0.18036594702340458 1
0.8167073139493487 0.2608778541067146 0
0.2256232607441888 0.29864846425969327 1
0.08594453925303613 0.6891019403468944 0
0.6355298422217841 0.8255248950072623 0
0.5464881275943061 0.446582598213738 1
0.9552671514390115 0.4963298837657931 1
0.7333439838431081 0.8554330271026136 1
0.4102812231762024 0.43075102044241875 1
0.8945959848736178 0.0609520965796293 1
0.9195098901495018 0.7194532656072634 0
0.7916276093401208 0.4970659191296891 1
0.042086926448476336 0.7614247057322141 0
0.8615803242879333 0.48594686033713075 1
0.7446267795399583 0.5993526591541068 1
0.9198324143734755 0.136006401588336 1
0.731926457392671 0.5476902971773095 1
0.9959813130776388 0.010527179045720203 1
0.15326305214439384 0.8005625091287665 0
0.5385925247129421 0.6018972069918037 1
0.7688309376464264 0.9031059928358566 1
0.38877980404922974 0.8109806448032837 0
0.2965135741996705 0.07384007489673594 0
0.24598395757375258 0.9516079766023928 0
0.8442728265916183 0.46844178228133815 1
0.9206801185070821 0.9501667877400849 0
0.3279124804591612 0.34275860372328937 0
0.9544714139648844 0.09460190197225782 1
0.19435856140331964 0.7433503574923435 1
0.2805026342778857 0.10242576624359911 0
0.7990399496989271 0.24404985550606728 1
0.966576388916058 0.579195341777896 1
0.028187333666930825 0.6453629979016049 0
0.9140945701493498 0.32862415776374343 1
0.7530274401586365 0.9106224226605646 1
0.7353775982496813 0.4259375943944108 0
0.6262507883351779 0.8208934660095617 0
0.4568027222641786 0.26254167378001336 0
0.5914647315188941 0.7143172480369362 1
0.6460314952133569 0.44806773421618973 1
0.1749105387303984 0.19796572409130642 0
0.7520092934224762 0.3741748218961227 1
0.49462282907155997 0.9395851111487423 0
0.5610440930175187 0.9380499522486739 1
0.8896589189752843 0.2396218976254012 1
0.18245772834178609 0.5367998057650146 1
0.4401698898168156 0.28411005648512555 0
0.49054426990633104 0.9518701393448604 1
0.3970163472283098 0.05796016364176271 0
0.42465894258691117 0.3226861804288864 0
0.45046016638503883 0.850808957405896 1
0.8654355726512909 0.23303591890715925 0
0.14665024937031623 0.16215924716040175 0
0.5797669508145256 0.3076866210620207 0
0.31493557713495923 0.1585861176601776 0
0.9327957074155097 0.39563492530480504 1
0.8438403337755295 0.023456994860379887 0
0.9027634387436922 0.08868495508012042 0
0.5972323280817748 0.23581689137321604 1
0.576634129224232 0.6555636445959351 0
0.38811620006939906 0.6827787777339944 0
0.5270428418589868 0.761817576180882 0
0.6143966411654999 0.22799962630486825 0
0.8511155759436347 0.7519634461136352 1
0.5152306988265491 0.34259685066403744 1
0.9106097051143822 0.7158789483136577 1
0.33947186881180824 0.13470516677486932 0
0.04624360636075597 0.8434366573895588 1
0.5332102390304816 0.7668074388403396 0
0.475785306443104 0.8473850178772586 0
0.8530405905553722 0.35434089295453475 0
0.6770318241897914 0.9678337233062886 1
0.06376436059485735 0.5572287201601571 1
0.6048923577886234 0.6750346068603417 0
0.2816246330640635 0.049937530015234044 0
0.2762538721372927 0.007998555693140563 0
0.220696486740926 0.13216174906608735 0
0.8337866421864432 0.4360326725197031 1
0.7918326184451153 0.9248839333436734 1
0.7984638613154991 0.16215211126402274 1
0.9281104612963172 0.8538601050326776 1
0.5629082282246073 0.5898074597766721 1
0.5425820322523771 0.6121330245131583 0
0.22025044704576968 0.34553137908274434 0
0.18225421239831585 0.043383094365912256 0
0.7069218720856436 0.38157034199629236 1
0.87053093844401 0.4098548522495816 1
0.10038703652103553 0.1840505082014272 0
